0 1 33
0 2 30
0 6 17
0 9 25
1 4 25
1 5 13
1 6 18
2 3 15
2 9 20
2 10 35
2 12 27
3 9 31
3 8 15
3 21 20
3 14 15
3 12 23
4 5 20
4 7 31
4 16 40
5 7 15
5 8 30
5 6 20
6 8 25
6 9 21
7 16 25
7 17 20
7 32 30
7 8 35
8 9 16
8 32 32
8 21 35
10 12 22
10 13 28
11 47 33
11 43 35
11 45 21
11 48 44
12 14 22
12 15 30
13 15 28
13 20 40
14 21 16
14 19 23
14 20 35
14 15 36
15 20 25
16 27 50
16 22 35
16 17 30
17 22 28
17 28 38
17 23 25
17 32 15
18 32 15
18 23 30
18 29 40
18 24 30
18 21 20
19 21 30
19 24 35
19 25 25
19 26 40
19 20 30
20 26 30
21 24 45
21 32 26
22 27 35
22 28 30
23 32 30
23 28 18
23 29 32
24 29 15
24 25 25
25 30 30
25 37 50
25 31 21
25 26 30
26 31 20
26 38 55
27 28 43
27 34 25
27 42 26
28 34 30
28 35 25
28 29 42
29 35 30
29 36 37
29 30 35
30 36 33
30 37 30
31 37 35
31 38 40
33 37 35
33 39 25
33 46 30
33 49 20
33 38 25
34 42 20
34 43 37
34 41 25
34 35 33
35 41 30
35 40 35
35 36 43
36 40 30
36 39 25
36 37 28
37 39 30
37 38 25
38 49 45
39 40 40
39 46 20
40 41 27
40 45 20
40 46 28
41 43 14
41 45 23
42 44 24
42 47 36
42 43 34
43 47 15
43 45 30
44 47 26
45 46 30
45 48 33
46 48 15
46 49 35
48 49 32
1 0 33
2 0 30
6 0 17
9 0 25
4 1 25
5 1 13
6 1 18
3 2 15
9 2 20
10 2 35
12 2 27
9 3 31
8 3 15
21 3 20
14 3 15
12 3 23
5 4 20
7 4 31
16 4 40
7 5 15
8 5 30
6 5 20
8 6 25
9 6 21
16 7 25
17 7 20
32 7 30
8 7 35
9 8 16
32 8 32
21 8 35
12 10 22
13 10 28
47 11 33
43 11 35
45 11 21
48 11 44
14 12 22
15 12 30
15 13 28
20 13 40
21 14 16
19 14 23
20 14 35
15 14 36
20 15 25
27 16 50
22 16 35
17 16 30
22 17 28
28 17 38
23 17 25
32 17 15
32 18 15
23 18 30
29 18 40
24 18 30
21 18 20
21 19 30
24 19 35
25 19 25
26 19 40
20 19 30
26 20 30
24 21 45
32 21 26
27 22 35
28 22 30
32 23 30
28 23 18
29 23 32
29 24 15
25 24 25
30 25 30
37 25 50
31 25 21
26 25 30
31 25 20
38 26 55
28 27 43
34 27 25
42 27 26
34 28 30
35 28 25
29 28 42
35 29 30
36 29 37
30 29 35
36 30 33
37 30 30
37 31 35
38 31 40
37 33 35
39 33 25
46 33 30
49 33 20
38 33 25
42 34 20
43 34 37
41 34 25
35 34 33
41 35 30
40 35 35
36 35 43
40 36 30
39 36 25
37 36 28
39 37 30
38 37 25
49 38 45
40 39 40
46 39 20
41 40 27
45 40 20
46 40 28
43 41 14
45 41 23
44 42 24
47 42 36
43 42 34
47 43 15
45 43 30
47 44 26
46 45 30
48 45 33
48 46 15
49 46 35
49 48 32